230745637
552915089
545432998
22263840
525198617
81340135
319893518
971029691
490097142
700403483
369122924
977755392
849222812
950106837
130665721
703995794
496780765
661916193
491663518
936956977
885378118
389776085
677991331
548185948
235381784
814995456
390325566
276273169
896107746
516676736
672354236
576292272
879731384
310845104
25436491
380204542
537307922
698515262
540206433
846295365
16758082
768862490
707642061
919533720
805126291
387317386
558403160
580892211
115093499
898329946
455109655
349858305
47096702
769110065
969552
193885752
653151519
649393919
771911943
105647136
255969666
775058067
390469412
542416625
302350371
171438409
598452013
352408800
727705110
607713308
539632376
270685034
743012474
367108182
871896412
766958869
533277148
613135177
613428421
255829929
770656577
835198818
413793180
523706617
13559540
141906226
880072789
547300615
259481733
852082374
499785668
89930506
598649639
646342455
586581196
295776278
187409151
526439380
718721253
386681835
971380303
976773223
338635294
918113373
355074001
423573349
416974512
565019928
748067111
113140936
590792788
552032081
710322740
754554331
291400477
164410794
201582846
188118173
991798992
569133857
390561303
95447101
647398680
453006876
46054941
381016179
872508741
477305072
210792462
828658055
755741654
106503768
525280363
376808314
972629714
710237886
932240707
490818792
748658078
98739585
384130734
656964876
32970908
21615863
183695936
381546323
639123182
410155520
679200156
439101308
464821336
209998152
263377512
326856516
885542846
165709187
678255326
811233002
181340879
139588959
210628903
123491247
439270794
287355496
357367182
814353373
799034748
193264516
473160932
686291037
991917791
419202256
250343747
956316069
360699626
91615159
979943072
30902598
46833404
580421077
172463373
177844898
710201954
780273661
931555463
526732476
564320965
317518166
795229821
860563240
838760243
443691680
992207582
636450337
427652040
707217300
439562461
828841913
992308728
458136682
896123716
77554731
504361340
703409524
534092402
143172428
727131095
400135912
590545395
649280800
318454404
209843899
839307706
243502985
559461822
525414056
293430525
533266715
349084139
46700111
321459373
508739851
906993574
392196475
638657937
621379653
8659560
946947196
935823358
328410012
529346514
336453299
132604213
207307036
148074393
354906924
594079833
687378958
563379045
21842699
782884014
949177161
928333869
899924900
860864665
394512625
173974184
836312334
201929438
521446571
702052719
20441151
49375959
826128669
429750740
912053587
818632350
64845726
830366531
481968201
786443900
698795204
605288267
338386483
698013852
477159029
519662978
916347923
343432445
611901812
333720189
338643793
977823518
665614959
280836450
32367182
461927435
568116920
903276121
708122631
424830672
177201292
29349264
868702266
10931633
718845854
609095944
242217604
537807210
199888640
423893529
740611701
564950816
683808157
236966527
51424808
946102742
146788573
735865590
416823638
994055293
526126656
78466220
94025273
495880272
966326436
812116934
669719216
933338840
311281466
845162726
169319058
273415768
882806786
467447452
398922493
332070296
774342674
45242315
188778549
960816870
137907698
372343093
560325794
549781467
259965428
845902225
253623231
18548919
780401927
321788220
391938068
798693472
775359515
984140434
129725098
605229449
620078618
646107014
956913440
758216895
174336963
266876949
121552589
817249849
500142411
914967733
204328843
707351601
320163466
611245331
861200293
142951342
517904335
489357865
896194108
861205700
716426826
149331511
94082489
465424177
594623953
131568878
855473196
352871349
699796026
880553190
834815603
912784942
48995835
730007181
127750254
855971428
377991652
170242932
133782067
176058970
946241697
452380835
287960677
666903863
849970781
625928854
380174750
158740684
27884673
784030424
240748297
469891522
755661210
569494843
533157901
494977121
851373401
868784818
988594468
495460351
934405299
493827019
763886026
603153155
770888233
459572427
702574480
147821461
562384418
557435239
746451023
116863860
785620509
492827514
239122707
273392129
836604206
384889997
286348737
760680830
90684216
456229538
408215347
765914703
384660851
307813666
309406752
840672398
613100424
826270616
27239450
5545259
67132169
424519329
128565396
662517393
134562816
69398164
942686487
340499065
335228366
691283702
623413862
103207732
347781838
799066970
317596470
452004680
401897439
743101955
206173418
720037002
387633741
503458701
670577460
526922427
380331234
809049301
764095373
593915321
115503941
10228597
604884798
884868052
729301740
491734515
917876802
257396629
96419047
577934334
373795844
775601627
8957052
280285541
545577118
365826746
347602648
41390207
732335349
409450241
655201863
340996163
778798289
258733725
31453074
46153917
369291015
62983314
411846821
385599458
146813412
561913273
104978762
933539077
245549786
89120972
86544822
63486793
366587906
722080644
686678072
966974601
346020419
765689336
921799390
722024792
989413052
931690032
659214136
247419026
244738907
740677704
437825588
195038879
170816139
683207998
391291944
109958724
662744586
737637464
963158255
378540837
202350808
359782709
992079402
841414731
452332142
466228136
997126574
785806912
37795048
121029088
834686447
677816428
523657145
860024475
868611829
595482832
341005492
27265967
188089010
997069643
899737491
490752997
449161289
678888384
238854652
191747374
330616473
126079680
32285127
191948817
922809437
708524860
681358705
317392666
804796077
144499937
800581249
43240687
607329700
106695992
87441218
465794275
97365684
830577509
553827927
488275453
165254462
800256627
173676954
542099285
540494511
904766363
404331796
404045425
356979470
741452473
681766780
753210065
29480315
128898231
173023939
788296962
712278818
572334539
122437567
39085957
690772759
342483157
637062445
289407652
416304918
394980525
890730910
572133656
408050813
66938517
63562239
784635082
627569614
945692355
96245174
244280390
579018671
929952492
242621818
656605762
368008624
60960310
920573482
41251518
329247676
126289122
612030935
32590776
677589686
771720951
461604487
312397310
855513376
236030992
880532686
180231343
980438326
200829739
344239977
322229010
96344606
633831497
348259853
895959248
468152325
458704316
335152324
752337930
328679190
875843323
802682401
813026964
507990121
395209001
568361374
576107227
75339604
550119542
422908741
646740624
18076745
421653521
269496116
612971079
639068161
537067367
414512714
215751664
539746165
784182539
320114164
450906292
242888841
763878274
21398082
765754023
151561400
58558339
78387440
254064493
687773151
325597277
999821631
752414801
694427114
697190235
816969392
980884341
738972445
278168387
909296990
331224612
233358081
853610489
645034488
856230979
937811945
972490305
44338522
74869478
899167650
589995008
338661808
397982151
281026866
827802577
942353853
326147735
935676356
47277805
622334464
963979344
3282353
170114636
58665235
602424727
335359452
541783781
148550910
677085025
31621808
482926098
637556214
582574087
740110426
444895911
513960817
519868369
975143750
569410309
415391256
843187635
636115438
335625950
863088166
208453986
164431299
612018269
522531551
744107076
875338814
33519970
598826929
547526789
575940843
597942501
796882254
91984310
897633282
211536133
47533010
996472255
27806421
827309897
692711294
62476706
441835571
767424286
224501337
422658361
97117587
345165238
312297553
24382708
268776763
313756423
927509661
421404466
877447879
426394486
515157591
869620424
937672453
868472814
63578765
851823759
723208867
63572223
396963348
818694940
556682447
60101107
329796777
247148457
901285632
342651793
839865305
947422914
936243070
635244900
857397629
456728608
326295232
366781699
524553055
640236197
658686161
419600252
279910130
926315443
2075300
892146504
746264069
224898143
822380129
246441863
65667209
185287057
879480507
834804738
255609508
178592879
710498317
749994145
355465583
327518380
814169957
931131112
8382903
887916978
435399725
382108601
106220297
307141066
759737169
21779175
495745660
784581875
662315580
815142034
625021831
576611999
47196574
411826484
575750274
433624308
580724876
832924197
934471725
422051725
479814039
318428497
270578892
704889188
566464198
260483557
911389911
825322601
380966848
429461218
326597144
936816553
402203360
547661619
685545273
241375787
233516005
922462152
977098197
742407246
351887022
17141962
774468286
76355918
491642260
344182249
24446699
130712805
252666212
608648144
102027517
484735246
20908279
320727226
362093420
217826788
781193840
730874398
371473234
290247593
80157714
749124998
752955348
880923876
563212987
582027817
312417953
165365249
356190631
23448284
972603368
442089195
502747698
111764216
102396477
114636491
302292074
821689233
652732116
307937196
769308531
754910165
89621808
678692800
234662922
935036559
328039768
903347612
675533527
996068023
255924711
643618977
827231324
942664240
794222986
527752980
82053679
145922790
600933140
451166666
292449378
90107264
38091438
248394351
607187203
339288002
897472043
747689074
522430398
337947779
362405008
361989025
908808517
324617269
237896444
408785656
465443190
2173782
739700264
322088791
309194050
612652552
737027635
204572179
716055707
51070191
484208822
234157222
956938386
763017357
892793602
281339595
902234839
348775144
790005713
71106745
822325519
375496042
311768967
223961611
215519239
889832863
791827579
139038811
725157709
455729748
9984468
56579450
180868060
373798540
157739849
141317103
653940287
152204438
945986359
638444022
504938158
912007708
975770967
65420966
2154183
196492001
554327836
440604715
927909649
16613830
337678260
369911929
280801142
706032744
305234943
707025099
784223974
296809515
80551934
661108989
51821504
210127086
617013422
311676377
344297435
419278430
165655454
160113783
849351841
469460080
716204510
396688196
371315467
95932372
756800171
185612324
436642248
917612397
572263520
81583431
365140809
471363438
529351497
290588421
66436659
561912296
938652681
794193349
908797897
528257994
100473897
973233122
488539686
515863441
716579301
699543207
89567255
283217690
229020817
703083385
717635218
97446551
893948326
135014676
164125344
7632493
420661282
788969313
672363591
489565879
913058314
401364210
702720919
839179266
459083385
473574596
960847180
655707133
544113736
547046454
146671374
487711068
504494967
849576519
494959620
119867477
414972422
737922150
125832768
105518788
706266226
801661542
432986312
523426414
602814927
496104333
484443202
625394530
396937087
914041915
680960123
354463884
276241416
662645524
680905731
417179816
786122391
16470153
600719474
256370878
266006214
703119583
904001364
550416180
835821719
94860970
810212936
114825152
132248456
816605496
62696846
945664413
638616327
560587553
476657574
411984690
866305648
993050543
547670775
152510307
608434102
523899308
251714705
332089508
248446900
919431687
835781886
549641424
222258924
121673650
981542978
873620042
899913189
274674393
124803202
44209471
355923643
95258195
451394842
176720465
892322707
357720542
533070577
77478876
574142740
921756184
870247054
447730979
465918206
887259243
892144033
195565066
891053106
487488192
580176800
795137499
50882657
556225557
208941898
817273668
323172622
197674329
743175311
297086181
172556121
871030228
905849271
962033355
998943993
415190579
900924578
235942279
431811124
897775658
444107498
189391456
130460389
246179757
839122054
467517671
318698114
637745570
817894946
972791466
804026485
18325987
952194449
659391038
821937854
40029770
933404536
568884447
957655858
701371369
938324421
503102427
273440014
521561847
568828133
190768729
184003763
531622297
83070053
272878488
308661407
819902382
655795310
540903663
601959679
488797402
322490481
947449791
759170236
712605548
68616420
707676405
628263702
116744595
864558748
437830182
649230510
705300484
957492050
895985896
967774458
186464007
956144504
219963894
936398392
495731604
525564826
189221357
447122586
615053719
557370848
503323041
449795231
853896932
205044656
912034842
255839415
723132784
151542458
336799718
865357929
470087100
238687194
931138469
750035143
32657026
271931699
724498166
660626877
891306140
35195100
660810411
228952517
482382490
747539652
165226521
175991045
96911676
792552671
372005979
884018125
83915898
430144064
889045821
403660825
480456368
730203858
409857028
491599115
838747637
112475268
416182595
198427368
669351631
444896655
790793762
864979365
142622569
589273110
420691418
400292272
286251962
325170137
601983221
399277326
184314396
562387735
894229209
361447413
185364823
594815690
84403141
421602052
841212343
341920330
522721995
595572405
881304848
772108138
971651055
214360186
592855702
570346700
637110200
259168763
168081497
124410520
42917384
524820241
320852480
58354037
641809337
79939881
387409815
930867485
821188506
839246290
992104436
283228697
765214370
747612160
396059962
59612447
499132737
380099069
460355964
583319556
272828882
819908077
757117817
940621407
833622573
772633852
452951941
781211068
789595226
181526822
329191561
838354298
833804896
262354850
811181345
949495874
784350011
582503404
35094243
432769259
666983278
515278271
838557263
904368553
663401418
903256450
610328117
530407366
208168309
426643865
777213258
907082965
726536226
147816190
36979251
849272126
140537142
497268749
942896760
248986347
216606594
494722138
137216176
153982228
783958650
186644214
27356578
63210783
699904391
915642148
459442334
740857040
428120104
629174789
291179747
403723207
248359261
237004898
456617968
393202266
675532165
839869045
143269580
776238098
40853973
431854016
438817448
342203085
914002174
567731792
921935039
478585275
620242360
660902178
409739560
235104436
194329839
347483606
104659599
851928360
552295736
950793296
186549939
475354703
124975397
934368349
27516702
436662726
778935689
719233959
144480723
209858923
701706272
891759672
847569942
45236577
999028840
936915276
131679189
117440047
960543256
372144449
812757938
199176968
938532161
76994218
188943790
928488997
62598144
683720324
559879283
256951118
666805213
190000000
30280510
200907385
312946884
703829631
409273447
44838025
428674973
397316124
853880462
66395703
542498954
4357474
601444964
662809358
520823997
567963038
248007955
143515280
485308915
620877136
947856203
195669366
722220944
174331451
141559530
746277208
857482396
219408711
426613468
34064327
715953527
950727196
802626042
329472015
742573580
753323277
965352364
643657833
787548633
908136532
215795621
528604953
797704988
344488213
696901473
571461626
758382526
444730459
936018988
15100156
656961256
986046499
618710310
937714600
868778058
293159138
709496960
621923210
174591800
138303489
288751479
953503449
791205961
646275846
273511012
474118344
530644498
21910248
570183108
705794848
269420723
843572954
141522919
184014434
829989258
226904884
565643388
163608090
727735737
984814399
259681550
409147886
30309973
451018242
466403371
586810395
427265426
54600639
289611706
431600585
605116321
90464661
630778102
21303929
60784707
236647749
466652166
650159770
507725551
995666705
530003771
686023996
216162716
747397568
220190428
268156972
907756735
799224018
633115485
169067125
474727009
196587620
363536664
484319980
332333639
19059790
181515018
703040496
547438555
644998891
951111212
767873969
5535990
881771579
883365856
231839931
7544994
35678330
598165383
407924515
508838905
322223711
919791407
495770700
889399596
329197294
909964138
327328416
623006458
3345978
280434725
171771954
984384059
278896936
312822025
6474907
805393927
923523187
333540623
146385647
201302960
443030886
990024419
861249600
146057339
924131266
886354016
886246239
748267320
701381723
819561654
964688066
39432067
704689343
888619319
915503233
56467093
591986192
205943998
246943355
955817415
794449139
976775612
641962133
998486693
165568161
673762016
182516002
98544811
130503451
559659619
5816671
626470047
935459962
879840237
937958933
482106762
29325095
807300193
286891348
995039899
691051230
261011088
695425787
191125423
911976560
991131860
276429847
293148660
501244430
499913166
28279343
355204975
657659831
269342729
249581222
873961985
456123789
983044549
562587999
436823950
997036106
345938030
547733890
554368283
113559357
665753097
148064516
652388492
91846114
590218187
501202638
917794440
732023580
985588676
626609548
456667768
939466769
826716600
237181205
977934511
804148898
859505422
191946354
16169636
342968710
872571362
368995981
796018010
375974402
985801013
109563256
574946784
817304903
952613444
94356054
823511028
305770344
368582390
433394154
78780406
702315374
18438074
795881420
345818169
623012033
105676255
759768034
271347981
940218561
409715564
48841296
404523608
974777592
519307129
474357782
813612580
293276337
533575883
328795986
161257821
899377199
160409121
715670714
992682024
550702365
275486534
319024605
80859501
73613774
788321259
915140771
511559433
526843094
720637313
823706791
636678762
341220412
347384518
191282937
375988211
457156305
112109571
995582927
139636140
243707302
105687289
455247762
363572978
774240632
161242240
766135682
587917737
261257868
683279284
281962610
770599092
417954467
707474663
339338495
537169441
689948502
102295755
960941753
234643587
719541895
761538919
244046674
453583606
124597972
673324663
713929175
736231329
451809096
198399520
1235776
56147224
531779504
403016726
390602707
239162102
242475413
198748137
347499839
834248021
17918433
174058235
572387342
442998366
129959067
661151772
991036471
61214319
396531919
667828420
393828561
211204839
366791817
908981228
683354849
679682961
460071679
379082377
664072532
487556266
118234830
230930342
543619592
400395869
28860444
275165188
80986122
344651870
235714033
780290249
387443758
843406667
239311552
5871859
443085293
124981007
645057746
494826836
741586095
3084566
929231388
355518513
928351772
754654885
186047572
165251232
687242508
277430922
942276167
668063267
419030603
334129622
504677679
999107641
842068569
271317712
421122942
140798270
399141934
909570889
190670861
101178678
859227148
662986837
589595070
191757549
940571508
613263160
320515984
603796761
650548012
150270690
696364194
967680245
315395420
48533717
166058430
423927660
806903083
79814693
596209966
942353959
691549033
953400864
506331898
66007239
156410010
951204660
837193156
428476125
170456914
204071225
833104505
815130357
388738248
233765283
572646551
942481406
409651867
777253515
336796162
854804428
584878300
611181864
860972245
157173431
326464780
645659593
13940551
907698835
936498191
523487430
944392006
409452376
739363029
536609174
845061949
862265883
356006120
95998767
998219144
968398163
89326196
45567925
808348385
661930706
130148582
863787314
513884002
992773804
992168178
745619061
325540695
258172063
862470832
289861510
872273710
97554460
172252641
928268228
204819083
333355254
424902224
765840286
41654904
160333990
426042964
447978
249059514
142218809
609708402
446273253
607632958
512289495
11687199
24197810
523419888
931167651
218392067
260584241
888785924
988000024
158739736
458086934
926298383
350068370
216954903
157329906
218163600
7570777
60431794
786365848
336290613
700127313
946935804
243317285
860146043
12722883
309347133
133769193
388777364
38532486
237987488
127865592
128505819
315361044
560621212
588605661
288278000
328438980
623619532
827220231
530685912
389444427
472624926
114092077
112090141
874663229
399992259
727016028
699272722
489131811
884611135
586012062
270404660
259299125
750720672
784442185
485377196
655995572
335557579
954181601
546091750
438490097
8036778
882047883
818730927
615724065
397921231
608323315
728179657
44582648
456376872
422475413
412207776
87573107
58379692
518390006
658628467
709890546
434086444
498987268
789862501
877148703
198881436
716853533
794915717
118172750
147063378
553398120
848280788
287733040
771568858
82292598
308791523
233361684
832194988
52910278
819095801
330164174
905668967
167153116
624345268
355302572
710781977
717992256
9942210
147423898
474275229
108928969
684154081
566291050
243891647
550438452
13249925
10403216
4533325
406663729
281242391
179866486
527797746
979538229
516708501
282360862
978323471
466143118
366328743
89803280
203384983
507319192
212817156
600031763
115062941
770837283
225988216
136405037
394323540
451653814
47500118
378943454
967854745
686456133
113237694
213438231
578315887
698432742
317587579
261110492
453334988
70123560
971951285
123353920
706521115
643101568
682339525
794955680
519184772
7267020
553068710
785118010
501680743
402622327
624038335
565460540
621055707
395894278
874824546
340000671
449549100
195349240
158029681
437167919
403023210
203575125
628676535
295761667
560594623
78952087
923146386
677103730
254281695
145650998
174672298
491055797
366506652
391129551
138352863
254100251
437590681
775347521
529375459
841206039
847331202
667090488
92885177
516737003
259627475
718684356
510788560
486107024
167190336
539937503
458512536
195136601
790802044
96448255
512874780
781614271
478861951
611682232
741997308
355243224
515222541
996102914
931351785
183668193
251586695
774186082
565540726
230968526
96927783
275929203
606427188
448384708
954643360
641511601
70927041
338421757
918539942
855297258
569479433
466150611
559254093
256827391
607022250
173870535
752446689
271959794
899587673
46585134
302480285
543082004
303081
11708976
322850747
483278003
113700564
758836400
994466013
873109405
879271933
209309525
211200816
932118590
358992274
119673149
411677753
568260337
989818410
160708405
492433693
151016855
461815851
680410751
748607716
337164553
265055141
421800076
186347245
320871168
151962400
232226798
746446753
865225722
281067841
472029051
628653644
554368087
566306683
415312851
191780673
296821457
502099977
357100906
998187547
943552154
436683511
588878132
426251293
120761105
192604761
129140716
362328763
225911584
776181663
509929984
450711090
788966964
115698689
316063772
962994770
302320858
52923412
584739409
762250588
923661951
734726114
586411924
500896711
686961067
961671579
548609148
542545221
228423983
208800575
459817778
479214394
20239803
938142201
601151293
522570729
724929781
868966466
856811548
588672384
533098131
953890479
92765138
335394479
604584630
487978124
165601296
770474276
369861169
84460155
764792897
568834087
888051842
123916601
880334342
58064645
654420535
720393171
174611086
878337047
715755070
704393591
178893262
638387631
271707835
20259594
740117932
189966616
170817415
171703666
224373242
600341749
22734753
830746857
777074088
258005311
416740819
553478880
678372065
61479451
901930427
334629217
27980198
253893555
524573474
976285258
338007531
167967579
161540233
921359128
694798027
14895066
421292675
451727831
440814885
609495724
833956924
298198550
626591102
870031843
910910659
32044670
630479707
903686898
760640639
134490626
340703766
939581899
277440931
608378717
182862244
781119485
974715979
173608330
649552699
20541203
504558749
950719315
232067032
897172077
145620493
361822391
708844555
205726060
924528411
599682003
818925357
827863895
213925724
502212226
708387101
823533960
247872873
998610001
89206185
314328803
657185715
576143747
626539815
376360478
994912278
885357556
781099653
226006626
185148755
570917631
462852700
354127986
201180926
406175945
242320395
301588701
440809714
4870828
138298530
950928379
315389233
401995177
373925832
388346339
754466298
447357289
114218156
468062420
410692074
915146252
37884970
375193233
557228345
398550620
133201507
590789679
956262211
257949231
421694003
551590503
503242147
279879860
839846274
285473506
81347295
503568059
797324380
947764339
894317166
487147334
279230703
172508221
580145114
555280657
9479034
998029334
334139875
172307784
879311437
177472170
752253532
291245910
105857588
716643483
401132451
666073051
253579645
506615235
461637563
122631357
267427752
584466696
333350998
887888811
589202337
887677094
303542731
819130079
507077430
870516837
983108220
203188874
681337121
992840293
54963863
532499465
822953108
785013835
311463111
475146138
600956957
689855242
292308420
932135911
455266496
263957665
928652741
258116619
670487328
514176596
375719369
989500039
819947685
953577131
175752901
583081253
64071913
167795316
202268764
718977250
259027258
576105598
254530553
814508254
683975175
86287927
544198423
490442310
73852888
771131969
866642764
116938997
325186241
78664838
534727928
8172757
339122990
688246067
34676705
907967133
46028612
704764276
298049127
792225311
882725477
187906514
286866895
254328110
397394642
501666855
159452603
655925034
783463276
193789242
184730298
684291882
401173395
574162939
279335420
41173188
121974575
92051548
518018590
568009083
685035213
79207369
793791268
148006598
317521889
249828166
503049604
294657721
871960362
513727780
664811615
60509523
475735347
268161632
241437387
208007267
357438709
640044952
627698763
36777626
516252587
62746720
135938082
576208988
280703468
438403977
750196737
804715909
862096651
274897327
909736286
210811753
656380459
587915715
945121370
437932173
967011035
760841631
726604011
390821713
50099064
803571971
333532446
838562107
834937215
49611398
538585559
845976753
275490216
403331814
950516987
828552582
603987026
499713222
18529669
477749080
566967563
816257049
430287372
746108919
353709239
719107201
598884224
475508535
70227655
128346652
446713346
129729263
128989080
930875470
850946507
532469865
639370006
355360962
444842913
295375597
335758715
740087294
933039718
808009959
388129845
618421666
712865207
175054909
570751521
399239190
602283141
738189516
984364880
452046112
244002978
772317648
613137632
56218114
896508614
315839499
373170485
66651712
276172792
869951703
912144856
158790307
898855004
968555042
200069359
66958071
126435337
627324367
456005916
643292046
656175120
929797800
155411464
212207275
219817980
983918943
906749689
574345665
937254477
949313913
957337751
175477607
264415836
717784370
209849198
265777600
400866316
600442798
656425774
557340924
285177136
468450375
199660023
568028281
524590853
532506
512625407
674273306
606122539
663612621
12820659
998735086
40605296
780384518
747958165
320358721
641433525
595147363
525894000
919402187
653382995
678383851
482271799
59710714
455410097
135276505
249759093
353697841
187026733
176427783
273583598
394993693
826450185
804727946
132998044
609337586
912512119
594751744
347233583
395577033
391881653
148174432
724278115
414286683
833453213
498946508
921935358
537474063
51680008
961848203
334600774
170445073
808856950
742117564
677503741
527299382
365435267
781596592
885828734
823365541
39135838
447406236
420578488
11183966
466043541
925384509
516772421
379603613
155522000
513945460
246334868
872841410
711450452
889897640
606209795
713468809
354579561
96354793
594207740
389487717
511499515
763323784
293804537
171622856
763672167
835258412
654322116
194157801
825268749
472725515
10837799
653528468
978069656
138198253
41389898
668524855
835015712
229257425
927084633
233754092
425160153
192934071
971351424
541124426
505712364
918587669
225827048
185288802
684029603
181740758
201763440
813530173
750576517
668189767
177255841
813814292
583724862
169604655
812850298
974161937
592493171
76675575
192387624
627210099
75118203
662968346
816684904
88564738
730403865
581758999
769134985
845291313
8912824
83533058
916240886
202464316
705130578
194438916
52848425
383005253
407233957
311914998
506010333
968154447
100567656
935390025
861310804
376968873
892689769
222519886
471262863
909726850
761412943
139527077
975107932
899681108
647271731
325513127
23985724
313702051
725768415
589212148
932811918
726474783
925639503
661096916
684511209
375768742
17280533
466733561
47750651
393995211
962977756
386496641
517168219
112431409
852467390
215482343
430010007
607741786
136654211
833162052
482545933
425666814
65677338
792279884
530093698
423637234
687212110
907003246
533537501
67600893
441464229
831248259
853427016
95914291
153068594
203282859
624042749
579747554
957118664
514027787
531849071
770267237
618647602
185975676
45505462
661569206
121530726
570470340
115152557
943466825
378322164
588609166
897704078
873186257
747471533
137788232
709035973
372330923
734329803
244487321
131772128
408147434
916361005
963406243
903631359
21404095
393613625
792218885
151956728
986313915
980804997
565028263
605158269
974275423
520226197
253186223
819763171
847234772
652097848
709315627
452360593
817734700
948631974
92881860
902146696
775245150
277083776
200896685
49902743
593078029
159595795
664034997
685796268
853708714
173210691
499928032
943742879
692956121
919327567
635415921
932754721
479430396
475575008
720411309
496552352
372118469
495872240
932518814
504713818
644608862
934519872
500588090
840402442
205404373
36677109
502987224
272110527
283966083
408514489
150161322
891318471
580791827
338329600
811786459
350148554
217270577
942379109
823819329
16835314
819988689
251016242
252055999
626747720
333445401
212183294
884471098
318031642
4447212
888386929
405854518
515055000
992370723
331279628
760507263
826125579
616345763
155304138
839315302
260333716
108337234
855621599
861204209
789434401
919239303
563460349
359751536
601348277
583175673
677619042
731740165
67034682
380365054
808801405
815782216
810949402
131863115
688173231
72009335
558950275
615347808
451236599
51070920
772979284
940071219
426046707
473437419
541779167
923904736
527285345
972916723
54539627
459420524
956582291
316935271
872760796
238350631
627792172
812802933
206988544
859237162
220661623
444812102
940065400
617082880
544709987
42902893
246852417
840878879
104658552
380115166
292450330
910562894
699163817
958009124
886356232
993346535
649496511
34190914
587404204
298171885
308459946
218001239
935644997
847599084
565167104
724614573
570348793
697992236
595112222
801927176
333826056
538709285
175197474
969643051
415319719
715671757
164424277
652235929
251189144
105484578
436246361
825136756
728111462
737568230
75650030
598222727
44255546
830391147
403725921
332596831
91464029
694988932
232549777
811797651
226772811
452267931
154108319
776968485
695981936
597896929
560895281
520405761
369546882
691871648
181751651
596202402
285987450
320176812
400148044
608870356
212715312
911869432
502917672
54188180
886593170
944439591
910499859
384736384
403472884
673527249
96276697
632695367
45316092
673667604
560476601
387051512
345403628
851230645
36154342
369027160
569553069
121325945
292949945
485130224
898227376
483284046
287182616
878174456
485055613
265658496
541896605
926398502
997174406
346389315
571687441
828425037
368192862
687197863
625778006
30819647
776662682
707703846
322366613
903588003
25795975
139922459
995501951
456948142
745241430
344143622
464426710
594544244
584903547
871842052
152830238
451488504
774727853
344413417
537447944
332301878
355019155
725770930
916906615
502950256
585241269
924071140
182547765
677637548
854565525
375481721
310332696
633868449
518115004
306661153
224682012
662944971
815879520
921058473
168707100
598541982
337889199
237459065
18104109
12113623
498117306
47108663
772405144
539135469
112937729
479478922
221466791
175821975
764986105
731539928
758212039
887678962
148216817
910731492
340958033
847410405
587292839
966811338
982059664
502769210
30601289
684637423
892792662
371262597
859448564
766192156
606298568
310591251
533382752
950093127
81944048
389557362
209508870
111426240
448902728
46790847
448284565
405338782
204961102
145743725
375782044
363979429
53881608
887238286
275316544
560675519
47135739
13852483
166347461
315581199
78367365
103824124
743141290
255968829
23208733
746923459
890504487
873856160
729230113
253946582
78307324
90482633
76980656
193987694
60330913
417421248
19268415
467268009
533699868
406022089
944656283
186837576
477989718
203223069
733816832
777171501
764748852
299264470
451816732
408543921
57320963
558925244
705562057
405903510
53004763
737823766
229443833
483526617
93927951
638343090
643028873
650117520
364942136
394161653
323451512
987518096
9406832
858828107
46108763
163700134
811983100
719589104
892793433
691640689
818757671
639671132
35352911
541113818
982216746
604076361
821234452
285795122
719286086
592125794
813947862
721513460
197275273
890869155
991483361
168549684
333605573
618242052
86574207
763931139
895685831
404000708
523832361
585713128
231137303
674069710
726584465
650843308
705065952
318933044
741884556
276773673
480178772
707814476
689052807
850480955
600328381
54623477
307053223
820239060
504659490
384171511
372873345
169593388
689669778
648360840
673108594
18493717
422733547
736677021
787085164
695825946
470482740
778602879
189772971
705421016
899476518
899011740
538475742
930101053
616740921
743961896
514437831
623288076
484169550
533318765
301227308
576334116
444042543
758923824
798986319
717503674
968096069
509114787
55702049
287724212
355324229
924984255
742529721
472822244
692024748
172837288
94165311
749921984
489080199
248165592
490111632
951180895
603482839
627634701
907362344
770074604
54366820
537401407
462465190
275534669
525000606
9166525
367732956
6619072
342671618
67269349
216935429
747735856
228277398
154624384
83781398
793146394
132333198
50165176
797325613
702566422
648177681
42432438
573139750
134895877
976224789
275280092
47586893
703674582
924406886
161600924
698654253
118825460
222147315
886853511
914508368
410874927
781589894
804684894
849038598
961354292
453222999
704830255
734833326
189621381
742377764
806929215
660642882
35260561
677506140
914571788
195251879
933389638
505332927
442405349
507472090
99568884
215824529
297565078
133495992
801886031
924516474
791564091
563417194
762781587
414590973
820662325
290540139
733860546
156943419
306095671
303271433
794741347
696239496
625667985
974060865
465715105
994324530
406157937
708733841
749439360
686136475
418797449
771426352
108830165
767278336
14311283
957965128
385586762
88235055
11965561
459697910
159166011
766264149
395090688
654781550
719427120
110772981
858065553
77155644
498682103
210204405
787305349
569610917
951035725
787285292
359356298
260614492
481730608
527443703
84431389
60466353
778251698
888292877
895643131
308383236
23508021
278235739
449219548
243874444
369524414
764400242
636823680
141259115
845394171
28738145
10540042
206990775
908233600
861145544
158093585
771502886
530194988
140853147
813817044
726536533
361031850
617798517
27697802
94711221
409845012
716739222
224912342
734997011
619757233
501005435
216821337
718639554
608157919
508929817
372560482
318444902
494859276
651710133
340617920
772587872
256276702
513933155
530177465
350123217
234133875
713675801
774126355
71229773
842519746
687796590
520359759
407534366
255030304
763733493
465546290
622566623
752655627
456092578
670468113
508855859
835188639
508839391
893566058
734317783
896280964
246778435
625213591
410920473
636372113
600733627
673675274
800607812
375602899
794600184
390171645
2900862
870627374
42859659
899634988
736790536
666393116
112714226
902006844
41507718
578674231
989945242
419529982
401906003
124647093
113811529
379765073
36688273
972024826
982412777
794461958
288719679
865576648
761639851
643839119
894986420
159497526
576310059
459745265
307880112
391971316
282218889
404004568
315612670
103309740
748068904
430997444
130501570
912054915
124973315
707697761
691426916
8519102
253058805
918720281
550825858
760938739
412195339
630488243
569895596
625123109
723791751
653467685
100697468
485303027
535962009
987470595
628661085
758919242
737364690
457605027
467496175
884301239
744763781
547841591
609104569
295347050
34711427
386743322
109388075
653296180
721467625
898734427
781390814
735810056
613892737
670881210
942939995
315834939
687973281
28142154
311423933
568864992
12967070
142381206
573066792
390392767
89112525
831952362
280303204
71463735
978029185
483444524
983472979
997721816
552249684
389762137
835610004
649436653
220602619
49007613
724567735
507206948
248679302
715636758
579109927
300831793
185144419
470254966
12964368
798115298
766733508
109667276
259648963
308571565
720204392
836739829
865978519
272127718
202671007
425918728
456476798
487093723
227705518
394464049
949631848
492067890
300907852
33914346
366766486
299801207
449387458
234207195
4219551
14691889
175790397
41955855
734177313
206901807
782582195
63106442
713539541
635753147
971335198
790054652
434601794
63720393
263913044
726954970
757051351
181786264
886130274
350191897
6596123
383100417
664930834
521240969
605458939
599434080
415505037
954762189
501806146
869534748
551559193
423568883
444354004
954022914
676971188
850120705
989170471
87626903
689000521
728235030
755912992
81367372
309062375
951537297
264877885
85550333
969493393
422546970
772453970
743610426
413213790
20801215
185367101
577284683
860875446
759835779
640501408
3888759
979467590
811883419
76626700
330367712
815836468
271448131
618088869
577000665
119488647
500270625
527076275
296871820
277061806
352613103
740299845
161134233
607046212
418964084
43895289
324532049
789330883
17597552
318571152
935251515
338043101
627444095
199056744
52746089
270324412
660920252
798271973
406257383
638770560
672544695
263971913
553201841
226480968
322435126
673482433
478461877
80980828
422915643
737393945
724914860
429587943
688483231
23172563
3032733
66488219
886740933
946223841
491554161
811607671
935196624
86480445
722586114
542453013
488637126
534104964
941067121
53523299
680780277
602885720
496462221
857200105
20565076
956913169
750920636
238145154
592748105
773314742
422805720
824419879
770311701
568045095
308706979
704035815
745162973
25533790
141227763
618638422
77143498
78792753
269771221
805479131
318336543
401194689
325230414
566021020
940615017
825248516
530288313
927447161
859902836
880256409
104497247
989835554
27171210
66415834
752081813
483589768
862771642
724448084
867298646
748356357
181326669
484879283
939146839
509412504
130973920
916892124
477305256
272047437
541188643
422785306
678195204
603291067
535504684
296272751
607879605
60222887
385340281
321504268
211037478
17322695
26370269
240247303
305917856
580925429
503481659
418241815
453328528
151296408
520741829
235799697
877835496
728600759
671092553
664385845
932959793
381391687
102636763
794953713
712758672
963716251
194498312
331348524
920221508
762499519
911744037
244674224
792517195
730428276
138537408
548442417
20013092
813393863
850046264
703237758
28792496
313972073
58886979
643932722
56991748
606186367
235915128
344467317
455651768
798146796
229569130
234394163
921177716
506162020
140483765
465378030
461942373
354182394
900115416
612522602
851892709
409482993
165263915
558283566
333861219
46686926
774608988
535687728
50294522
59446132
439687151
908452134
838015118
637142225
739625108
478587014
819969617
62753057
884125408
135334635
42778639
308194742
562058539
315108405
71067362
523518063
258384884
911477216
647434715
444696515
372057011
659587374
798901227
412744828
911152698
596268017
887164834
360850771
991033671
650029742
173158162
769584679
135918136
724159340
882261458
729206490
296210654
499306783
581223198
757401032
818152298
856627628
836178460
898905573
626143619
636312729
829795385
253850226
161121914
438200915
225847218
323156572
502157461
168999962
704232495
488740657
970581896
935927949
723643785
325089215
228635853
965636781
361385035
747578978
612437073
631833752
797196907
460056202
330028870
129204098
253666433
656155852
358769056
635833367
557509844
235143874
152135904
227164748
329879226
675622854
716709313
635331274
701439373
741144169
616439195
315899170
418445969
417552534
854360081
313753270
911610852
94767245
786865512
646482608
213541225
584520624
589178504
664038107
904471951
769094431
892304927
750226764
715942845
172685463
398489898
379252966
719126778
287504248
4540334
986674795
705735073
970687905
904833232
89725139
592565794
705326594
710959646
789487946
305420403
527316770
507789737
948198159
67362302
14180101
713902014
972050929
919308992
415761270
752925998
200811252
203866473
223156546
709626240
509903160
143602858
405789907
793716600
411941247
105132052
806368117
463271890
937094145
606203003
161258501
470167780
565600963
42464915
102761104
13356849
498903762
395604874
741038874
424808367
656037748
52983464
471709620
114089850
306383706
602670261
476549180
249822344
273314536
225198983
866676204
596102678
758425640
461149567
208185633
720177370
668758311
150444855
576982176
868148407
803271373
236291157
196127133
380638627
701498313
313746088
448677710
678163766
259365176
657725229
846208220
684289486
910856124
74499232
711420453
817555591
997852965
228301727
411082693
222010166
291680097
732941988
432064592
883884202
652727798
258673763
275224739
757511061
208340395
489627590
264301909
108999702
572438403
210264397
417825759
240922737
26717526
482238317
314351368
372087734
866586336
407756140
443734383
777641641
519764508
363643842
285100233
214961445
652495226
18401980
979179338
648780974
780938138
124276470
217512614
604142409
766447456
411488379
799098700
643316227
347914384
45416269
485648215
946776498
396158924
837540334
966023485
158250904
136754770
846644567
388091753
574947345
260513541
384828577
612546512
816549367
785851500
879838860
984323825
85138012
719090211
946735710
547572064
737289960
297484934
548811830
539863751
310928459
182073605
745384963
127255629
838012461
267550296
205565585
314486115
790789812
839023233
70050651
88682095
698709540
761680087
26882163
834787587
532108549
621632221
892608234
784468712
191708321
846992867
314789445
654388520
28809232
712999689
561367974
154183206
532038780
764020672
833944774
820516507
744368873
680276520
414980888
612246209
258617186
495813622
654500875
185257726
706778821
969895281
914949853
473319354
937872680
655180950
181467671
473397841
807660775
327595612
402089129
900616996
894213708
256358050
770772682
419181017
501957348
600191883
424564836
308506932
483050876
255040097
682175151
105910213
416421678
4689522
458255220
912483018
593912387
981794934
666396746
337648317
802383636
996414485
829818118
102216980
286016176
744990864
786521294
582590939
297583146
70972817
860553940
336922314
881730827
889663926
786327674
48380894
125065124
786918436
21826989
986190497
511424888
618803205
30568322
600658158
921112057
864768771
181628848
453282991
875940957
843448759
963915870
738110446
799090868
270213008
386190242
356258247
638301429
206086679
417438869
752803454
70042788
15844941
875379728
863629084
562031664
203605765
645784470
581108350
302295132
12462715
284479127
635395894
746750759
789984807
292508613
980471972
139124589
34874227
274272706
597755472
332641607
446295016
765224366
979633602
471215624
312951562
409157146
457673380
47150009
514346145
901404616
375480438
501941631
546891369
588130241
625269905
471362680
932637385
995007649
565972532
677521374
689032708
678463283
726775899
946622256
411837492
434414965
599551602
936933442
1862780
486573605
11108437
248025362
426818020
129574482
18036162
375926971
553782513
471598368
215641348
930425331
617101127
976976681
599392850
74885514
54634818
313641427
744332357
481702413
472174067
32864612
331613579
805085880
864150611
928762954
339631988
358229623
654472580
432622710
721927325
601809526
185098159
368494431
379776730
187564778
601253394
93711328
321941179
480179829
395106490
780270697
814370784
346521483
958114058
840138742
998220316
183715935
249078937
365048525
118934084
241927028
271138235
840223558
76458699
499276583
189937320
9603241
509653501
998638694
40873804
920498740
921087444
807512191
19542443
80214075
865731450
945669139
827547374
921170794
998901852
636310825
292151565
756264999
796572903
610910302
541910299
501365778
917862627
203174714
523943465
476663144
6817695
25401881
698691712
143056475
5971839
108485879
317818971
907131612
578164980
131247725
894960169
115363331
527164923
538569545
924879889
422489929
670252351
851523050
180243390
522294835
11104591
698350513
39362664
960092152
879449154
562785834
461018472
143404455
39178066
682593588
989368961
643026607
577794795
497800562
303875458
21555174
317169835
584290787
509891244
11665673
818035484
936424532
706415149
860218631
485520680
374535704
234948419
34167159
437532856
511497311
630176262
604716434
142399085
437260054
527819497
853122183
325236717
254362569
754482783
603287419
542037855
208114483
687897754
797059360
694246385
972627812
607260014
784082673
885138838
946326157
108567124
92129287
536164302
557004907
363370123
828620187
459531165
962016334
200354137
973903641
383699101
876233669
6195312
888435677
375168488
666667627
386018956
468015053
900757314
202720119
560968210
125391739
292924505
418073103
727096883
369584476
354990298
480162768
650135905
401087334
820873418
864641721
444040732
528055795
265133063
44597033
215250867
923909856
440993638
515174626
799019503
618427034
664683185
936602598
530680692
875379172
144664877
600934095
799836683
864963270
984130880
758839500
860504091
408106516
828005932
662406968
102682935
257545625
823598073
261828824
442542545
272670945
596319602
620498609
830616587
472601248
1393221
800156292
998247854
470447298
160246503
547587892
863695120
466542829
127899906
908377087
969092219
584646035
382895074
188409261
34936585
549518428
446745981
599298691
560496217
525082582
7889731
280252678
256858324
315136225
604144296
831721842
670578606
959572356
590082463
919601702
118858473
621853313
589548498
27429096
204558579
479189309
414119661
824525661
934120776
576732292
1718677
807766308
671898624
29979226
349067701
518337215
38357361
48402938
29034997
393745180
403716081
401953127
140342348
814889920
24783801
650843825
978441644
922164623
327732453
469361863
550334684
747280954
827782040
129489395
355010148
672895045
676548156
763125750
539859361
421861299
691785191
275525568
140981496
543702233
101208268
782584103
577368733
204886306
913870358
229970871
820757073
964020064
799630010
574126734
284410767
230989222
429176362
392377505
504631210
153155193
493974540
698629062
394107022
678638580
434604974
349513127
422602190
227683083
699524391
646430675
458966600
773704203
466218734
191990391
289088641
596278730
359290121
785430357
31090194
148693413
709617420
631737323
746557192
672159310
3564918
562412492
440641353
24901175
933487566
246651624
802672736
527331746
774830215
812295647
682692726
239787844
175664355
776076294
421318991
403989628
485030584
454346299
926973450
343059433
770737245
972101021
690248423
248156796
627589433
363852766
136773068
576642361
708824085
733199018
440355152
772265946
696618858
994005420
752281673
44611311
698706608
433414347
720416593
389755217
403686194
986367692
71758656
492487359
271232765
415769276
384139036
737097633
320553853
19525072
421957564
480185896
800001064
787307076
218270831
907113345
671668256
990537361
104745101
170872419
855991390
803867988
420774072
815852743
213473403
617639246
297500596
762771128
871849860
584240353
666680384
484374262
350131079
739798097
40473730
310957956
370896334
101235338
136105958
752434757
122820671
765666265
162952558
309855146
97300684
469485905
242163496
401644195
564599354
676311903
694342076
273990909
332683275
277014808
400618048
470681293
376315516
443437180
983689473
551470601
540047088
89294517
299584856
389341225
408674770
713159450
56005591
78638166
758659533
359273941
923889421
680682707
875781939
507498199
433114405
524491510
581190514
70340012
384672451
275757477
998852630
748154224
693541414
912122951
389991929
43050115
244575693
427506690
67740578
181871199
192578464
163827109
626172261
723607587
536704734
581307189
594707441
713516796
683035093
278198810
378833826
362526367
158528122
771598947
421361138
793710898
64027043
873744958
89987530
571762125
691333026
174883458
318613967
361087838
310409201
317842832
76128124
206395463
659397964
163787586
90901827
73690744
506164900
604555767
992710094
656067202
495142701
20429887
992354655
411966042
307872146
192338720
535827288
340103085
749762633
598293763
850050007
985011162
172803840
7399742
159968145
27998783
441179456
627809255
242229841
376018063
475348433
925505806
620211026
487702885
265311792
629256034
58143290
483907883
120751679
402692663
45570342
350988602
926447864
189108162
343676829
291015861
54822306
314021738
661788024
433625282
303657676
642946128
417577885
123854626
100005503
427974885
437153394
270103022
893622450
967658271
680359421
767029055
171823804
182772782
725187388
167732365
390078104
540275021
787940587
396460271
715843597
250234312
2317584
476881149
866777554
736127723
260169609
682819147
338903929
983577021
478049127
572091161
488417174
291093303
207967352
222878692
731003639
250202056
264252708
655519377
608687200
472010239
695036284
433675984
772451840
491389581
649781483
379317207
171475392
336680438
297275244
178999641
177077919
299318341
486190682
925202145
872839940
776782428
229072510
724546719
460882627
422150353
665027072
697058475
479659869
206029663
868661736
708111676
662276126
965132360
91957391
453027957
366019723
611777249
844090101
150353612
457849911
950623991
146875395
411788599
912037412
750037555
914826048
960112231
824358670
62770585
528521493
593506897
852795691
17658172
570061685
712409975
762363306
821127027
697096646
330694754
101141628
439673242
60822539
764093865
350836764
759364308
458619924
774644223
610708608
461841717
990042248
629623171
562731480
377559245
601174254
205582033
989972783
524655819
5594612
730361952
192336577
789210332
413965860
635988390
145165573
849963534
194473659
239237726
447598176
726331387
652128629
488806935
199443612
343989007
838721614
443108988
108218436
49715071
216396917
597507051
168816747
26826279
446044708
406762936
928869104
482999247
454044433
628255500
43734194
734736909
293012218
620112538
499323662
637143118
522962888
43796229
636262301
482742312
850769038
297722063
903215351
150850467
818650923
404875502
254210042
669655318
872857583
554755825
169777819
483177166
246977629
632118476
14381123
112517875
997448077
100131795
703662842
361360520
688444810
951600578
262603158
291206029
892920288
602623536
482675770
505992448
217954425
471244875
666070615
53207980
465035460
256634667
400873895
217216543
921689033
782492872
652941041
210863946
381249218
392691166
845692844
204975819
293730593
822272070
397973394
416202042
815072654
298473745
876966719
657375197
726604234
901413411
634886452
947885843
892833224
883590665
835251828
392070708
130213054
310565787
572762517
844285205
350297133
259405454
240667953
779516494
86447977
415640027
717029978
131098190
241082437
156769319
114147918
691458954
929740893
706545102
133482448
108906568
902613684
492100603
356248069
460699441
772276602
92726375
196494412
844913251
727676968
589393833
904555755
265935924
184439018
338393635
326647494
199913804
44740658
694994345
358035036
956000957
122214432
223730350
879250948
302147654
146670268
906979084
679739873
552475566
605569885
194756683
25682008
521450512
391140484
913273149
304348652
709231193
80324027
24762003
283608242
110674800
476822745
756399986
756755571
608553871
954217012
796070084
930200812
223448102
562422301
298035091
34797973
269417131
402217785
487075091
998253405
285621734
813755414
610338590
567891068
145719288
586844481
127813426
755151386
104950800
882711866
626565801
615359977
846855277
648349589
256381950
465693477
941815236
347977152
889530402
579424214
262117485
282827774
329591488
721089480
718817860
693744854
376763572
4726339
989436692
799286244
874874683
638221624
142615013
965455316
575000604
360747376
469111526
655856533
301540193
85890900
73135974
910139709
10701858
841033304
488884220
21000316
275169540
41167559
601418415
566550689
122491296
775218128
392280242
464704265
111869819
426845068
924400673
151156679
544646360
689222013
83975260
981056246
175545718
446450935
427873060
419469394
113092539
37243392
459914959
419386851
631476860
738491985
831144996
416114131
931263339
51713145
399617497
267215201
994991134
427572513
975798182
983187694
137656
430191210
75471109
475619125
604226358
212691826
523657097
616174488
414808664
131092982
623044905
584682513
209893207
775695405
57027107
724931600
428156777
911964455
38478541
577687602
785371525
235557144
569688806
660120203
833353575
59433141
843177657
181013901
260723794
567741023
99309130
172979207
710244461
387198557
62680482
212050732
380009335
916087587
742813995
114083419
34174534
593067599
239007920
550536700
842528371
859361710
891978679
390239176
342791742
915422971
888260412
191257942
626313085
177963636
219913790
73329620
848571752
481758204
206316290
675807138
920714195
25010646
134168643
562621590
333913263
407722240
890529670
581168873
772768169
513125674
758924940
703733953
404939760
993807441
254572123
239210516
451618301
234101906
569265364
979907594
956452883
133902076
455095189
160423244
537053016
925418686
999979609
861169949
125150595
579168720
368359901
403487978
557579004
174602413
482774819
583764684
521582647
905971628
771772258
127091754
813993640
324979565
733193869
179288700
314996066
270301294
151907966
725750314
184416592
325530557
320921279
617549714
914262286
599375048
177230581
297845289
284766309
40278608
151106026
130297785
328655713
402963068
729877960
662158609
584721930
366714331
727607456
179300684
507266937
116510785
161571743
866173600
752836244
971483099
87384473
848858585
52863995
343848701
482297853
169813888
176749733
506887979
598651832
635707503
567716151
817910650
121388319
431331244
957944714
543860192
408143505
226038120
289150749
704501562
243979257
361387135
81912679
311409210
953699249
792701810
624818252
30564330
826041665
576382204
27450283
898152161
899422277
812553811
943592980
73726209
424761196
344862460
926721175
171444201
744615836
910085195
137789880
661817651
482553462
672625022
858187281
186832745
77462869
476588714
357829037
24494033
641294085
2934270
831095398
714266835
277810020
628851523
537033134
883636579
61884808
806553234
26371755
319136456
46850623
400979077
96492312
550654114
799193829
964425595
203081749
844011626
343561179
116881365
284230876
341280764
697856116
184251766
440894549
536312092
317732478
403474846
790194392
222860329
178780440
154342910
997015433
698428862
31286407
835240132
388056548
136668892
129266733
254685420
361325414
184324297
747186130
313950968
151363271
76949140
427716529
717308153
188383195
492129319
845366742
307134787
25697348
664429733
311068152
673538107
792672469
378040775
168364258
217971344
300091489
60111279
159383287
890031680
301049499
564186056
851191135
281258668
768753685
576885053
620833285
173469052
47490322
65424996
802590136
319109391
985239928
959652465
763330717
685191140
804558801
834320308
265121260
20679128
460796946
652887823
737227435
292130063
561692463
94646463
633869167
891553266
279944818
55946823
965196067
516960200
469980712
895675646
430366774
645179875
969651506
784650476
677743487
440977487
784733021
432419449
960572166
206136994
709421608
724872240
457096855
104321059
207423536
748256502
221819408
468530349
887393025
957785648
909207178
32072981
472350872
228609805
128181793
970220766
457625321
671867298
183862264
545202529
625715871
437643011
935777941
637325786
610122773
213674311
639756172
340011393
517273140
294369281
505877158
605647044
776087294
111696751
265691973
422064227
538756626
567428918
771239375
430909244
979331213
259131526
14221282
54763256
714740938
761274142
66772792
892979101
657228684
803508271
731271653
400490048
642284383
784698413
83458775
846555393
307068905
689508352
695247149
94620641
516471827
477564142
836716696
130974101
814011036
731287778
403068813
636002576
962357674
294852919
548707306
488601528
138094366
704394998
251373658
806894103
56677528
35789241
374190006
381474084
95458738
409467880
644990758
160097227
320423728
929821720
11076038
858945102
926936655
591448492
552263309
682200474
414807844
937952455
65550039
603798839
851777524
254585500
478145830
795146532
46519639
804570446
411922978
891018828
569295554
71563436
653287217
635898391
646624177
647529243
417652911
419964700
220988273
110470801
541477322
872351475
803275143
943600573
569087485
743336744
379509441
405318469
814541863
445705037
740016343
479792423
653900103
440029223
541229756
729609793
205905928
178565511
466208747
851129538
87224381
718125049
814369730
72765698
36576669
291503274
825889152
977591002
289348162
148858069
934845191
904123821
109687380
13640124
126299773
684051322
665050112
171511993
314232464
288851189
859260040
20978147
163137242
53504322
153906805
355392857
732071008
888795472
948680935
256946478
472176181
301981392
242699789
382558193
230347324
158090449
211763887
720890839
798840842
497266170
647670504
184294378
148332131
205284338
678932355
830398970
572520720
314694426
567495982
966373746
472955658
505194450
87769726
720167429
78376476
209693413
942552895
931116384
574117159
472713925
96866048
696819407
639050787
798977280
387762943
742391730
10624209
574783596
563549150
901240418
568832723
84318973
395185310
586528640
705779664
982676622
317377939
85202104
499263250
130599375
578273404
157036461
333039322
566851274
778985256
645753915
696609249
991464866
215284975
772540069
946399666
229451869
703017612
484708954
266081270
285724039
108763550
253249127
996594118
636786857
799906952
52005015
545421812
516808850
939499966
295201752
897441056
241514842
263554442
260575581
352903981
234355023
253496762
241710908
699158195
270982541
703743291
634612620
245953014
842974083
937458657
997600096
226358251
822503150
711094522
882683988
566752927
136184304
70274140
459814789
294349311
940853004
981400381
435792480
697691972
915329870
479753906
974518933
272631545
549862536
381700547
598729001
983674282
670328758
889568039
640145067
73787179
29573507
378027169
568176258
108027108
729454421
133253234
368169443
484289929
93157054
274213029
810802294
539267733
458983893
324534023
627552025
802302039
166056491
87450358
818390363
49033444
733774508
563115968
678606469
580966437
45662402
906648396
38576315
780677096
786794419
165785727
535050249
46551846
963301021
525360510
658981758
501370031
950965626
432620103
737783522
520663766
742654823
205651577
26206077
853835632
92748679
288260991
72902651
983853431
282639799
471893007
833958874
97848681
904779037
460351475
855196350
637752287
781841379
75843288
826727713
479755526
513291923
915428671
20816108
406948269
485990174
136626948
170549305
885147616
259171444
843045516
813092402
31126309
434971787
644503576
439637074
586599809
241261680
722165344
367377673
110149099
497623405
354783224
621876946
918464038
554809255
428125651
224259381
652611829
707024786
15341358
516770237
699752152
866880218
920052471
99005305
419457784
945753443
384578513
224363721
58725078
315770288
782890532
635034573
810954516
495377148
336535774
22197504
131304065
894293566
735687667
855573735
291374095
756380071
192674132
777128946
612817413
205807239
239630750
406334143
394014466
765283720
821079444
52304465
266093011
821988173
800823058
182861919
66373365
973940339
572797623
237442566
677763468
831219017
853206860
780230269
297761149
765589682
177669873
632634005
656627342
456832820
153550319
623538608
668501237
571850126
682595096
825659138
443293609
929719885
512963430
698385412
592280975
774207344
626584056
191529513
257940127
345818105
95450014
645209394
9190819
147774567
974319770
727733821
357060545
92179714
370722685
199567473
564287050
495968326
378038479
663171668
595858664
881633134
163838883
700450813
152585520
56347609
85783064
669471340
407153645
27447038
160938492
377662596
284759445
934393069
28560268
820956542
489632855
616872938
405790824
769500696
130959937
891419132
618568347
970635938
806761617
411740300
809285627
500180366
31624069
19626264
418830018
178274963
349346067
394856577
259734863
571036080
584968090
645241644
234522355
361987332
29596037
376789535
766578720
492764293
358281721
72310352
86678465
893605170
373569562
692752660
805788576
336730602
249126877
76688778
959020178
875756519
946913275
387238568
692229808
262576858
784057089
775796192
268698047
672123043
637711236
847490481
638820524
91324787
314580289
361597253
306648804
434991749
908560259
420518601
836231251
901891025
650840320
939301215
570373756
815267278
859979806
241633690
246205836
717955318
814179547
411699520
752281112
397871206
781548328
359060732
127897462
496433537
322243912
542078739
13445027
792862710
683292282
838230001
259824535
992011767
894880727
140403818
543230499
405062376
752102166
154001207
183818066
426995388
666376989
229237410
321031084
68769631
47132529
865308856
664237131
347957880
629950082
765814050
416238565
458435616
348079540
869680112
463837713
62036673
748650160
238566376
272394505
581894001
63207308
153580981
356047968
245922383
99710612
105513025
602205346
508395909
939607919
95134720
698733060
138004813
343974007
554378303
231396864
988932329
876943097
94013910
90414168
805163973
77420992
582436388
208302579
312301259
421147911
403590279
657891425
70357030
379548185
972060390
819365901
583527202
890003591
173661035
361614078
729609775
200708869
86636617
380017925
339160034
471206093
690276375
436256481
949637923
499004984
78983247
120955117
491367995
328955432
406908895
680319165
647581032
424493775
505164460
663500533
869592748
716946027
887366164
137057801
28526695
251390165
661919772
404814109
351757710
854077494
602680635
246287115
172368600
323643074
803836290
316439471
372019226
399608907
760650839
305537150
690007404
856899751
125447067
749165789
467911381
183600557
426883770
273365201
296274864
653676757
910036403
645091260
598326534
742771731
997481684
961342113
432209692
907134597
779580283
421555428
404543424
695475874
983846825
66717229
208957541
758368112
859091350
214202763
844847165
733965933
416283320
222328828
431953008
500994339
465011943
751477013
891998110
139391829
152040866
139475790
871915596
575429900
459460134
884355943
605411026
839841159
967966749
88759345
396527195
786568987
231391091
752179959
391161352
880306852
930485577
389008007
370029620
658447015
333686787
927494368
96295378
867764742
402688125
242444665
592494067
184366686
403896922
71510060
76726628
595836929
763278716
289986750
629235317
152527755
22547600
479970571
326210772
272250659
130272960
699665815
701450576
753646732
60539419
791620440
19585397
984364979
174191425
278588538
530829290
77236811
202394016
306565002
627976633
826194672
585816027
921247170
615954418
567776793
985013450
669570471
284795051
705762950
897235455
334329809
902350744
436999381
247615731
87687115
967642691
803386420
280216786
838950672
680411112
845260849
149511392
98456630
575558383
374785454
747583878
353053223
869597702
136999152
440742909
593658761
829591771
207999190
237367872
215766310
483635619
175503113
19100458
845313539
410997510
31213895
125513287
667339387
252335188
269215963
692051517
783913381
773724716
106882166
138515048
398460666
558697958
654308734
395981387
906257182
200327950
974063223
664863789
351636979
595572415
144993565
204485073
956220533
115248262
92918636
251057200
544061264
814331703
600104390
481065913
305851052
464407300
62163552
167729960
675352672
530199197
308890302
266156108
408003216
745814835
537388062
584601900
719445295
84804455
266313348
270554436
876696341
555714404
669930733
537973433
574415880
417678053
585435866
714437771
531381053
240421079
677040574
207803121
613748071
525301300
331272715
387255259
286732790
328451149
160202710
478569477
743776401
314962135
223721929
590104726
459356159
50319500
622669726
511638446
533682300
2553905
784319034
651592915
97367193
107032094
599116509
290314082
713348543
862907723
51758671
969722010
861687385
519439329
880402901
856427588
31840034
620464851
86632781
517519881
397119614
518774648
941943700
227254062
518343092
319561367
243019857
385067018
555262102
221170465
84023979
703397492
714151807
253834674
299485468
363944500
692636679
137717475
255360327
532219583
318688104
440764067
816292853
828829127
755145194
490197474
852189927
98950943
441116822
731224293
860127776
11447673
848433721
74891960
773039079
815535416
901454536
253222218
366447931
898977379
522984813
873587636
723823091
252227509
380554546
650499226
818811511
230167761
183102025
717022378
339651349
435357074
76007413
555594050
818944769
153434753
691924249
293499694
459577068
708036443
901713295
238918463
603109603
986030837
415776244
367484030
494578672
154318353
631521113
604944124
342901628
259278018
942042465
574864265
96229687
769043987
214877048
823862171
328790393
732629452
579666166
885269207
669859141
976060358
964289515
946589194
502597656
499670224
376728361
483367469
297122169
438995515
199801071
594784624
538308717
162034421
482841504
954709853
833308605
728435396
96011750
703729909
83836678
988739817
836587287
953517673
777141998
205368690
911104436
346655345
188659485
643585035
119909197
819572057
335047140
373591804
5858135
377899468
151626794
156329688
660904256
258499327
408199296
229836389
926861807
929108990
751138291
364980178
321104310
794943703
156798112
937765674
241243016
426507359
84867278
927421942
399379778
646717886
862141573
534063392
513467262
362608183
944398696
597434694
497704933
710435072
616862363
400679360
946743500
955213114
494115896
484894364
409350917
326000213
483518503
794016430
14705116
376459465
329431091
174154711
821142095
902767001
843918129
806688405
111653204
946498175
953452028
80057859
71963403
295857073
67850196
589531496
923368575
506827334
78285228
671765193
316172088
587364185
999276806
876505892
85883373
993664982
735742713
224240198
104905814
969990372
644865876
234539081
880174112
997251823
713330653
687453358
173488890
531563857
648809906
9655059
8525773
772112540
437330641
635459985
201942792
611622790
897850291
456025268
743486489
929354866
229912339
979915032
804934135
230150551
948035532
17682588
482691292
72395727
460277984
659855120
264183806
563869077
848141235
371930849
926175005
633982905
430109497
368178607
731656711
642959259
953952803
989385998
389415586
846920808
265746304
126094162
313539518
579718128
268831250
869909983
199680606
636952036
430568130
708485769
787812151
903488905
505709515
803039383
318802868
319757209
121641095
986011945
174023443
71936950
746359395
810275398
23227308
154928523
17047794
77961858
710488146
426213148
483164488
392863186
361078043
540931959
370898585
80158447
796092846
61728385
664205938
625093186
330695965
612378979
588194924
795627070
854907007
669336225
308780761
581346002
688738495
568063002
690937715
574182182
702461674
567781215
576330138
620167098
938884934
306373219
884928185
96715802
600737660
970866879
146328774
191312960
880148464
706849696
857212135
6278022
562368049
192507442
331129670
132635788
26814297
960359053
741823760
283635899
608878690
410227637
62073479
69892539
434979459
59905114
140033752
180937915
521026908
702632294
630024152
178442544
832511675
166237022
316266170
785699334
664425703
19912161
848516080
725154185
207993678
725424008
548045536
482138424
200070275
742496772
981293203
509264800
57632448
314793042
614694979
143549005
583228329
777812554
404858240
581782042
856344426
54631327
894378288
14044405
580983290
804420916
125371325
121868903
26904243
664665469
589078836
942549384
500918828
696159867
229932090
152156273
232602825
355188478
99540276
240208456
128517007
490771125
409970538
605128231
183038684
869103832
408563121
179483154
542167697
976521288
943262288
642267976
78253008
392745514
210068533
52943318
948175773
143516662
120904027
862504616
503211801
316912671
831549979
894342805
237200486
76458228
388906782
907803600
26109493
969051238
460427517
970465911
133885933
64571368
896054135
203382857
608071791
599038030
881522549
903235998
354219161
635129278
332411533
848076336
859310826
848951451
429872025
883200656
402319409
548974598
875904584
442665482
118273033
976644811
916816706
421309121
445547387
522603610
849927833
742796737
989227873
869849437
565522012
533224741
426833922
647356824
965069832
939115958
355830700
357673204
90010623
369102526
401797163
316946756
167526680
847586113
831262979
703845576
139811642
246211079
294759715
456029053
168354730
194064592
847354757
859184639
236247722
664441426
765601437
298544409
363425596
857279438
497737451
25392619
72976644
150794318
123637936
519342774
302789195
25255805
785186492
187266632
426609184
23074850
943880294
170589695
84536473
831048251
327693974
405115515
566166327
373498546
600423932
111881956
445668711
233429182
444756579
300325076
247575333
293100249
64273184
226520291
424296379
47594329
107727524
94388174
478560424
992070830
14680881
222609563
464359735
75527850
71621964
841854110
537817793
620680578
603635541
217804624
535967645
736535254
753998812
356761163
293405020
190061975
491988404
193179433
674296544
183770101
309898640
747244484
15444838
22486403
919299107
744555799
264720697
770902836
521631606
606799255
118690995
67321437
571853175
98014645
20161311
216956780
43408324
980636732
412313378
627648378
383257161
55803678
378358937
239207256
157735609
853565124
142955685
581546496
360690708
222344335
640499941
121394868
965564653
484276056
917230106
81133226
753763681
687153614
444779259
476841893
188314745
559885045
55655124
736080682
538895160
794123589
926480121
290622831
903441830
104643058
359364072
93131122
652646008
981225543
930660346
6620709
85345117
266454828
192910278
370059974
563954663
302770195
671526989
597399316
639418941
166626167
633261977
65045392
158911498
236764613
482927557
470790024
637224118
645203516
292370119
445759623
394768805
539693817
929516756
573124635
373378424
850514583
822992031
403399967
606295359
213238048
936528952
550925857
25709273
929510175
339830646
299971053
484064183
648063042
808425872
436781749
895816120
895376266
856081355
68236762
781965364
432092460
887812429
520595033
43986709
997480968
89270801
794080213
959642655
604614851
194927860
356598844
593158224
172808835
971273452
122589209
462318424
45046125
987535327
668999025
521671532
97497257
404968847
976164576
853946953
463913297
508292924
524375914
508520028
188031396
327129680
815359430
715845983
281370117
21773105
220169104
875916929
472237379
407701336
293782613
913555216
236578034
531780368
365953998
520284608
397092344
357591758
904924458
644189338
679982884
541042727
892626308
707438980
277057016
72754802
89227636
951630185
995194759
828309754
273704897
227811705
64228576
804827444
872447054
175082796
953847436
542281096
164209026
369597685
294949069
152899965
528191178
815381380
672747413
444438539
788857736
4030821
240853578
135744692
242145346
163417251
654298570
349095155
319605290
277216391
404186110
260670160
956766537
327140222
958294809
993577621
428502856
310736152
51550830
286206363
381343963
119658029
591130348
64805949
731626954
241451290
455255351
503680238
192055197
574910505
270960995
831862375
67306212
863257103
200476751
945386744
292463392
632997518
419570332
970961664
235451218
558610235
869860681
385958520
787232858
858153965
203496361
271504026
829728741
487341711
938140414
860867756
31429413
510003700
448652878
387958166
113073832
427064621
522354624
500232453
632429520
854324132
286185289
456796248
183018865
252838140
258072554
241594482
186161393
152760559
717908727
407537509
746991
282642458
131096383
294875080
367888065
814172271
450179907
800977112
639100258
188418459
911962188
287774732
560383216
348851202
177888844
291691829
202629822
568869220
519493692
449115272
719717419
753296036
362661956
394428865
355027283
649005113
567419679
749762294
837703328
804121960
832176827
980216691
54961408
112518050
711446330
152137879
478910171
733716791
594764467
475441268
718258549
313359136
566166258
715428901
58048702
453081586
20531157
545688022
941141757
13288280
746616668
699368014
947551759
393684800
757687415
51555212
853071706
164721945
899147876
707374174
284383836
517926324
133257705
121160207
236474737
99460932
234161196
230035772
77949248
304525700
87344946
556448199
348232392
977706487
534365682
263134211
865047115
313528854
336397907
895307060
105765591
955907917
850105766
141481682
909095236
960837199
396649663
982339601
797991239
453302127
892888669
508807689
908532620
216551126
408585676
441289093
672254126
298125409
80415931
197063019
579037977
171277355
482759619
687736395
149611652
279078245
397752683
147118660
935272130
111922755
262331782
222898347
594040524
74354768
538814587
14416101
428064013
788040718
870831515
496363579
737408942
931018749
406146587
421291677
847522797
63685179
171022093
297513290
204269930
660384500
387372286
436788452
253850557
321443645
442625552
838270084
955874074
773029813
41650663
446118816
384324106
175280325
666480446
418287822
118023885
40433474
148560962
753275985
669704701
4179326
215263360
271117355
382700557
892228679
201309467
302666572
789628868
38810862
925835507
419418331
323533236
313771063
548811179
353842548
571328340
552499817
351781717
68749968
217638333
581787782
812180157
292930563
297618581
593821775
770275742
864430875
974274331
905130405
690558377
28812200
566071217
578869050
957512959
293071501
53194116
135884104
596108313
737167275
23296440
252257807
402451046
976202880
469565757
203757613
500657337
434897994
120717742
765391715
182008078
162298008
660080448
113980470
474660345
383910201
772869554
363864874
524751068
348365747
192166462
550201463
960994382
328659269
598037811
992158619
188208016
139217826
841494404
685521263
799500603
375619300
402515383
653078321
941121149
851157677
232775670
304623150
807969921
571260639
825157443
691854344
740452845
795846643
843814345
16837545
70262405
436677370
798145101
468038853
7591661
32954670
366105283
386725381
871041675
640868148
170414077
639888853
424901515
608997361
298167423
802428363
605185798
669312621
504701618
362492696
345734889
167380645
71536947
223126432
553720481
236008681
46167839
983408742
394587422
836325173
313198940
265280484
129481778
135123504
302304361
675247626
994699056
680796047
618536213
743017248
615334576
806378150
302277275
166422171
174261918
593449089
434807459
326490441
267323597
35396599
464791280
162070773
791151434
847105935
583186015
276226122
520176410
144811975
549556838
493405485
284732552
932998657
875673276
921884342
321846429
227467275
827845400
656757678
965344329
570872593
281760091
395529487
225903233
367634980
354017077
169007077
339968323
681179092
546842754
234905882
142399980
506968293
195101801
244316532
376219872
929347374
596757657
154878323
962125906
471082165
129121357
704042416
815328857
597245658
722802426
829012245
982881563
322957159
236790177
615091260
298227935
159369179
580032395
596403025
972098650
622837190
6628915
910288261
641275800
135006619
795741166
283858637
251220102
135622936
248437064
326833311
864594474
953354648
651667085
212085322
342988531
333233397
662953827
356297968
21187351
667398292
398249249
950060680
801941534
337559018
407336980
549932002
314445096
720599091
191870596
657711616
138699711
719514980
326105381
739666059
946981858
474472666
217765057
273113636
331886254
423300540
566836212
354796689
456840105
35017595
373115008
718369810
422266028
396308603
559681102
86901866
333547724
427893762
5628793
815414176
792134417
223953209
865058270
747166939
30905729
278787682
220339930
201260769
491544332
54385206
142917176
256520125
42338453
790056149
349497288
813595755
46319198
870075518
796454034
879663899
359190914
244066795
978377000
174325285
767472539
908808775
670168341
930988426
451229827
618888909
514214257
989282595
67701816
692651006
764770454
113716585
55974105
408132222
556401389
904080608
354582221
142566796
865048289
684372512
994964739
186272541
391882742
620499585
727068499
258618259
457024754
994149218
844327683
79343903
312095033
250352150
960553319
71127863
646958189
314053792
49954454
908728309
550800858
34124932
747041976
239744975
608700742
387989918
385826414
30120509
115794288
764767308
581637116
647843533
985011711
856859655
971030444
624915761
408615718
794632384
886435975
748429940
236568050
1638501
383325359
523797320
365209395
858501762
770485596
131924860
41505028
368513541
114196593
723715721
281114873
216169754
206414778
683127627
221220581
679427381
311130565
337692877
759177797
858001709
223351898
563483197
788023885
706194821
268776600
518168716
667561159
293290669
902791645
782855742
610145802
16904238
66746258
428347936
665209640
23085382
582993302
239515313
303349685
927311644
848097113
167423184
299761339
966941953
999936534
660760226
595286292
772747029
891957625
483275774
656470370
441423859
340158178
593808617
609897870
375168345
676458479
437630907
213711958
405489463
358049652
667819453
66167610
875947727
296130432
30882597
965233208
771802285
156266481
729653568
96285616
78530536
844092450
107519804
789838438
456637175
150552513
49097126
666999853
87785150
350863746
18976863
830853744
339138871
393139680
303544176
557746140
309252014
971407703
759098264
189112978
274188830
572785469
461667783
808093846
89742030
13492534
141307340
438751440
981832635
982049539
276486363
831561929
353215482
226504235
699308908
210254982
475730762
277371990
128143709
265978312
202442489
511233877
20262888
666382741
609274902
940134517
789602339
788149195
52093283
825139938
686771519
526822722
708379532
68637245
118121504
827553175
684497690
524621095
128866617
694415885
880927630
90439655
71564894
272802647
888988581
294849668
206748914
880792089
963947885
624860982
870490061
374276035
368403916
454179789
316578269
63479568
90052656
671137553
520181475
258737706
300074664
598622516
859785065
222948481
698068326
578173131
944664632
23227007
58362503
258167621
316373528
373628602
645166840
654043673
176793534
931708946
133456266
881482682
949973592
520912720
653563800
959507466
910243566
237617114
733439537
772160676
239932387
943347821
113012678
576538957
424594657
658629429
924239723
366619039
551856760
292333592
955996850
649868537
679755724
404940190
711353185
543827025
439605088
539359076
601319855
49329834
757495914
721208327
14318756
423506707
934049043
253703648
64948561
100811870
308017892
250993345
166833878
111894273
136542093
572864793
421251060
668459935
766761288
645938757
833099132
126929306
676009997
850780405
418613543
135103675
812326367
701651055
546991924
967869110
96938034
686822309
664421598
233393832
969953216
624817975
854404869
922554814
183529893
616092026
171997830
589357954
835469720
258655868
151522222
809060142
936806721
358553336
37396714
759612250
358772395
39916447
64545344
868186195
42363470
881263369
77193441
727014408
361025631
488663761
199698837
432861248
790053578
444037487
557193648
32544850
752051042
115462535
628105104
713511731
848651723
768984386
767347943
496157939
859356557
195552580
824186414
641665687
326499812
817643365
467789228
150828035
216793466
239085513
318425931
97597657
972128497
847559689
309445890
57536883
794165744
504996471
786310635
656352491
500268750
156038014
981856514
800069719
835963176
583397244
197400850
652590914
426915002
949342401
968150581
20697257
230292602
771446280
695804305
602227598
664264518
959920032
224406027
627476851
500753614
327417894
306053169
484326580
499620615
188326073
909102534
864775414
543976272
876811820
758795994
912580719
893729516
582475571
592565902
904062715
22166775
873002181
346046928
550216815
835873346
895942289
618018133
506391610
434583685
426290282
546049583
357864540
727041130
145371238
668551433
107382341
25790656
959333855
8420380
952065353
791627044
857041839
227354047
166427456
147069494
739049301
255592347
8590178
710253928
78026283
323383403
588724488
604529818
386955768
799042075
659639691
965791060
529367714
850158748
765995595
870303647
97391361
42565447
425109708
583875712
561940174
404179706
878789138
556959162
55236725
503164813
351577407
333056923
316920891
397168263
161105691
759438273
358512101
738982874
196158429
208510311
549404920
706235944
978436474
47041861
70403490
546442720
885314138
125487377
889495244
889720647
773985435
557173491
834792264
803630127
351389088
184447165
495158980
774672859
832221236
838430272
431089616
3167585
730091863
63063156
962688100
818551601
791428251
569282605
626609791
738654867
98209544
42502106
727443237
865780730
617091403
251130079
610881074
799503393
524479863
423612167
76742157
146264437
123710357
477390
677407774
925598443
673665221
102700940
908649861
462254636
162641350
69941385
403633024
217083094
737766465
434290741
205311047
467141301
492720432
820998285
83626443
797067067
119410879
74520556
598139452
656769689
341098719
225532725
126430543
946480117
418682428
909889261
47769856
763531417
149402877
416752820
182862246
252257164
738465603
845323258
763398357
248285277
564645283
6486403
641120175
892635983
724083906
100689306
202331493
34964715
290314753
671254525
484818452
434085406
434094595
298922670
356023706
372783872
404810263
746417687
84010511
104914642
993960511
674276679
250562019
606707975
670360029
154896986
962470290
299552121
273320185
107723511
644144390
694931388
496792625
798963337
518347664
10758462
311163668
142070116
338073200
554610206
635397104
15668761
147505735
223669476
790427379
950475834
801815362
302516248
383736702
589315045
577072320
605253068
146038829
519071453
750132583
691686716
747864901
863192144
148343516
698424315
11955042
35909778
818169660
511663804
548857495
3459550
798505182
27886924
736624716
121038004
884641359
374325373
697390511
229390097
193846953
168546061
415681286
573416912
94722703
665551100
135833327
274617749
225568154
858337440
600860422
286317867
439071762
572149974
723671852
779886605
47853640
528352851
325694330
594114816
218555283
946883096
154519234
747271901
773390596
209134526
390793069
415166729
949345923
305988824
331818092
87900283
376957540
822467221
886034608
673006308
41229257
349217439
707805027
238467632
984618349
171626860
704889166
757941709
877961361
807933677
173679235
325690258
710828446
693084389
392512875
276846823
978863027
793559285
137319566
671230235
168577961
637631295
537991709
279540949
686232682
658928964
192502092
316089978
719603138
817909173
556673387
467988430
831723698
107172784
24330407
641192216
408841292
124121595
866847938
154779104
662057791
413134884
305062320
774265229
59936877
452170078
926967049
108317421
84177687
483228991
908774222
96733530
529276176
51897368
782205036
320183959
106074569
175302247
684013738
496250918
549793137
888720324
458052915
370583695
28820711
614473811
622136928
328966180
716030260
913618251
493424912
926482189
568855142
370533790
321386214
56193974
319226877
31678742
919506554
105360310
510083774
986704671
412967190
980951001
725328906
53814751
661173778
536589580
307823136
282156607
588078204
681898015
830199753
586810456
150762081
359813442
624728287
932769546
468977499
93919634
64794761
227104592
182570099
518412730
286348849
935661743
620662960
719856310
390747165
780759753
613915712
914353331
861074348
270462990
822339138
124046866
564343599
131253138
544107310
710109324
456671074
907905529
756601314
930483312
811991174
352560526
982705481
951203335
853113628
930975091
783324330
281313856
647213043
634259595
157629575
646352799
391305715
300428351
730547224
748237078
919166856
436270099
214858321
392717288
188176913
674138750
850454428
569406831
507041998
235207793
468001688
51328664
64350363
738721462
746747860
249636039
66436204
831787554
195276865
348359879
955172856
808037218
535946919
934892804
681219839
519255641
481625350
974102292
141165626
822818914
755457212
221297825
349390749
37647095
986550911
739448035
854938589
920695945
24747042
845911441
971754117
344752840
610973268
216351285
606810658
694908050
669611378
697665715
204550244
466909100
88627392
196244533
280440597
4327151
244715108
179803437
400475236
25818721
863501081
468242473
774941543
325142393
577430169
20686974
31953969
26146120
481678230
632293826
588878353
897714805
549503212
264186015
219679432
910331282
660841315
223314452
497277711
598180411
261355549
28202868
369229573
997503355
972639000
285232244
51306378
263442757
234130058
675204311
240885726
298446806
598997201
56740556
757140505
685853320
437073591
638535805
887154719
806005540
97879706
326466817
667288392
465480786
79922193
742165885
669262989
223186299
276327178
261129856
369790314
883714921
485065033
902569844
918920038
807907843
734485500
491155760
740603968
269894708
331165436
946513834
147958968
591624610
754464970
348830199
285238331
865134404
440854617
943611804
289213858
806457163
245133080
128177251
366900838
446287602
804536558
755313524
752071963
676056733
651000377
517286470
800586562
490457812
363438661
314392878
960896523
106877658
497123034
980156552
514445038
22592751
453496448
230606377
132911133
579495037
596625278
905318627
50594242
116119407
841275692
503597934
611300508
889292213
290703397
37721385
600769418
842035320
414700091
543532114
773239269
287192680
216114533
887121826
179750778
198409521
33011011
524225044
319254050
329491979
423119696
806067456
939321763
678390002
281662295
69258729
627094626
647785509
907673862
611515394
918984643
767114860
411878049
291896668
939472064
189373632
416304940
120774369
836223063
645733253
562237302
527577106
352161659
719928080
328799642
18510057
446121545
896828876
162837489
613003143
248708338
351881365
512572840
431764196
667295506
798719575
594738597
875442659
516302934
648471127
390855809
698935661
841317521
341482089
982168397
277710124
905942252
995093819
396887319
929555428
843993146
583097660
247133324
579639657
50215530
364391463
358917559
270443585
361781014
139854640
968357352
57736918
795470793
497136048
542339672
708372475
70029576
342949551
95610842
997426577
519879958
721932247
656239957
746402038
415161055
405977437
693146717
965396333
571965378
817803238
229905756
304513117
935986778
826685662
717329690
996362559
708229622
997038256
581726667
277709122
443297286
869497780
181870701
18317126
282845866
64103492
640559088
371615161
715597650
147767105
303433599
203623854
944844211
603188663
219072989
184419225
482447609
52618030
672865003
98983334
666660888
390225552
157973942
250715968
518120370
936036365
993014
29174895
491425665
122227392
553665822
584004384
188307146
879215939
999313731
44811173
488817666
865944154
392126082
433488767
997366319
443799882
60417193
50127811
650474024
7804076
692154499
634390309
188167155
343114274
343849429
282478987
196041707
947590993
866571184
767104151
214720884
633044092
743589891
143880681
847881918
342734923
850087294
394316184
673679844
814200677
118484711
216291
257350629
603612803
943532425
344166791
846468606
50876221
891334061
509107705
389911743
189672884
651863788
969546699
431416865
221873920
520952047
672659712
156398036
519093635
167919668
562237156
581327415
934418402
599726188
646129783
256960841
403436613
582039245
885759675
616665466
674682814
394308149
46369069
79907738
671590995
295261032
605998559
462272499
519319978
448601462
343417458
446213200
606903864
883548982
490783231
974674341
900212984
799761558
167388399
804379240
74244912
368860993
744642191
29651612
905216481
57978770
214762568
768313181
875925347
606033374
685898142
674512134
245123082
956346576
357663161
875637503
536645454
913646060
70756545
807749454
638996063
970395244
809349691
84799733
912176757
39315501
887922345
666413544
467600453
328967995
864001869
364889257
689493647
607713268
468377612
755910018
245830100
687605211
193317726
781321509
918553339
49781952
880431173
689168407
515876853
231123035
561222515
238254547
585952937
835498496
745356563
131820362
621417853
370548570
729485213
779091589
10818381
294139046
320939721
830816538
999723503
149138799
670074926
927723962
961123169
864309628
152104680
782799250
298871712
607669330
532029124
224720585
335503681
628257725
514235909
953189558
351830325
136934222
215237126
994563091
209412437
74147287
776937463
228843767
894427129
968992564
930914195
618878221
955542194
310021241
959206009
962057957
449016726
580584278
550033088
28115166
70206176
48103723
237703747
622492621
474731588
290196221
100841155
104814105
774241286
351645737
114386086
97786986
110270048
666212582
871745261
292520235
567261261
273584763
83170295
679106950
515761185
939084309
617280137
522084434
774759117
782229328
301580771
268922120
694610716
457050813
872252259
23383465
168331594
122662636
373647530
182717078
718855963
584275333
451697092
335861974
683426218
439218420
922960709
138489554
778397822
751032126
815478544
136287549
815817950
638945495
254037050
803587435
15348650
278606761
577019533
473945046
221463152
922440360
273227619
299704262
728093120
28334630
784521200
237806105
601310681
419327089
95561033
367891296
493488693
317851744
755012794
44984038
552238881
425384386
65785443
988716663
463864504
549393569
168840959
886563950
188155504
256378250
235808448
805917129
986973648
114998464
152098095
474462256
893095166
138854847
781572716
922867164
451028701
467895435
203802205
956773867
509167260
341771874
382562150
299861395
655336452
624855359
580541638
600623731
441366113
70578552
720762513
103902213
876295178
673643911
82482502
621472816
79142030
947197925
919016204
829094651
924108668
296639762
329763163
314814927
904893874
844301168
42875181
727155188
412210385
886922815
709986938
254438471
384328974
406865544
225867605
844261687
677377800
244174712
741332943
801674929
947929706
769082636
918084215
74370594
794034743
790807352
833127389
409640037
84234724
252983631
246350537
197995607
136952955
601053064
492269786
799104420
732170743
991444575
667277478
480763995
308727128
895288382
986882843
154722220
929374167
805887239
812457534
39205568
981848754
331064367
272235420
995158441
771525801
456099332
180309922
197117078
454592797
120513098
769943484
568287050
903009171
61288926
582651613
471939550
308736126
490159889
967447614
343952316
988785179
578093314
775766164
47379524
781081293
561259282
573298941
657402026
995265001
377426464
725294940
908844938
26513325
423499262
633413614
405544734
736125696
937656628
370563467
705373680
19203896
169549817
234741115
170238633
260300422
616184158
446713586
42300167
233335551
571064458
831875114
400990189
977130055
790688800
605092635
451182556
688856509
703096282
809376479
73152509
726524829
211522187
394154189
736545077
547492445
795692804
921539207
928684763
120866816
823814810
889539639
791059513
691743741
389222335
720561459
39565825
511963059
200978901
832147741
698232930
500802609
560824432
253699318
703660697
649220245
385058186
490917992
493634923
155569367
724809135
575403982
995475858
951816759
900026918
898870184
694104321
642419013
8382314
703533231
474813138
431673868
422636333
586619247
696166202
516299994
719646105
89779957
185121068
249863774
314869081
925738087
78291400
755954321
998675540
44611562
813794788
381545601
180612665
113541014
129062744
332548165
125933836
512534644
84444355
542242551
21576026
294893277
274064852
765790805
741684747
709036685
381454078
51608262
269074429
223995756
566991932
80464269
577460048
540112311
874803538
526083298
629927035
655239849
19664428
218828719
494808696
772721605
975564130
935072996
914783264
716588739
567497949
413706359
295093905
559109140
43525267
441983483
306601492
126361966
141934300
180821082
470586572
349552693
901422894
138918685
919619150
575437958
581445147
673705522
661541813
907305227
186652046
277407735
204279801
762646911
996646515
691637243
410846584
387444619
523689730
885620732
527537673
923906298
241545723
905344289
383935771
856169027
37825211
732928702
813188189
114406073
109201690
751626351
367598634
965897904
345939980
192352529
61801600
568168412
430509300
169217021
14543060
637291739
985276034
947902256
203022469
369325219
113470146
584799852
406102697
429107896
529071386
528337888
381225119
316761233
516458567
330323705
845922229
899620268
366983947
637358533
398593148
350207641
708798876
693192502
671519191
799162421
112828082
696890325
377583897
222640183
56601252
330567393
398343244
751009972
985072578
498867365
692514237
783431249
403020259
301743207
817517350
974674468
157834860
961288282
938249314
979725779
285385425
61788810
954899355
843923763
637567244
914159228
479301074
94263095
366377751
648301856
380974852
438246678
648138520
866153414
779444143
188577863
754759851
763714383
829180315
381185737
985131724
812733654
250650800
813695527
810000500
792550570
257824568
518966707
558860297
511783817
558141109
670985309
401805503
415000461
659138045
897499994
378348674
450579967
619969606
268131077
141407148
535934714
887390915
330191852
11830882
546526525
574628364
45539496
254450660
180964537
595853402
624981858
703335581
259144556
161880258
538727479
126816316
363127910
215267729
908424423
399914603
392837555
280790208
845785981
3671522
964267805
564079678
704412597
958675431
812300053
669365773
342933974
642928251
632727613
331647504
231360475
74614280
921738122
993977718
173194990
991429353
600907810
247447193
55634135
911072214
246936707
171440578
519465387
650216
333935235
374584523
555762748
665051442
256547945
156737690
482589460
331841995
960730171
249961086
367292795
229072654
478197693
931325950
207057567
160547801
324441440
510940151
485031651
416818004
883414189
817951860
730563537
522711342
389265466
105349402
732066967
53117340
806454509
646025454
185987486
853721142
206823870
829562525
28712365
194855219
431499826
275145814
394962853
146488974
802987217
560555927
286193998
931060564
682731501
141800475
290054352
730355342
734715217
314419004
715397362
971189077
807869810
758393114
454693826
169427859
344553469
92791409
24693815
610759412
850269789
58994444
354910462
696029577
565581955
188157763
219083898
188474887
313948829
930607640
483227003
863468835
1400305
245794339
402861930
824656174
456694399
511791503
504197953
74127838
21713493
346957202
84127351
438708984
266781443
672139422
528043396
896211603
251482856
758906818
39525985
899848372
418676430
164527409
242616067
799586632
503295477
868133513
747948405
38638381
49874736
524658577
469050986
13881311
156857563
991977050
765811584
209329280
975679528
234302201
57706456
26012306
283308883
972896603
120360975
719164294
896851523
950395681
769010373
958878450
46240121
932599617
350042810
992226010
634521838
382416186
302785126
177007619
245306563
909381759
672772117
841633845
572878206
759875579
280599363
981046143
712212168
218443853
491187821
82278812
884188101
657745862
365203996
753396592
288308642
607561067
457615997
820853035
350101968
562779654
663860867
539761565
135777311
762799682
934729735
4724725
203367364
524164579
108222879
137894988
726262885
644756976
929084396
174396455
366193517
36397067
985802111
975119128
254117648
690851041
624951144
175576451
848385755
674463164
195015261
770804726
320918325
202656210
932182266
11642631
859647965
340399903
264045929
385764608
189258063
85671707
800672974
273192208
527699021
524568059
424717682
940459301
49892842
120302776
18622540
23329765
161168566
209066262
184094328
45016042
30520714
248995760
953860290
431816198
17610454
253048722
923809860
542005581
436272203
135850634
688345162
941608573
288696578
277101472
662479938
668065287
464129468
201093428
144579280
797788350
489973572
45649074
91162110
504214299
626398961
748286451
815883921
531034923
111391560
136001654
532747029
470525630
894224555
325000283
408452172
434733210
125686987
885921371
309989197
41123833
396743702
142874065
592159765
762745579
789035417
880697934
923393827
916306875
814860553
48913317
363916581
36885068
887622008
456480547
932618562
902208927
584256948
814668252
745520131
988117361
172284988
662566944
978768607
467395073
168921824
316009485
594958433
247444976
174281716
777343736
411797056
924152624
87059361
560123007
884903463
296621927
504572310
655659618
283633172
860005302
626113336
427298073
60289718
715516173
27167833
706529933
326112035
323986391
759986437
316599609
892417594
575419235
238346586
470533499
219577850
574809441
26102450
675838145
521566342
864466797
525028798
181325058
311202144
544971295
332739025
101084246
820449619
251614369
1416869
2373674
139263720
18006395
909151217
695525251
364332820
92712343
935623998
634153245
846690401
959896966
808424474
729110091
820351303
743368647
664534732
566411230
667741543
104427130
497394973
452880940
185840738
509296684
688444861
673777971
387530324
134410193
755670100
183930584
32684016
304020431
21210663
987185480
944220217
759755318
969589090
935006079
810090971
37218830
84287240
51702759
176484388
970861514
970154356
475777816
746387874
104805080
702819722
634775641
377533530
226752128
271004825
980146081
153777902
562612125
753698202
433459335
320423737
387444814
140900387
36361326
952807605
751401057
499513772
662024916
301069492
675804535
103172509
753043253
862210265
118072521
684356411
254083462
790496134
5914129
75377088
69247116
496243734
64562525
249781038
76081343
567403530
770718277
782607424
225887430
271885728
398554081
841410669
192362622
810888738
104772016
705656980
694122164
248736416
447073722
582483332
787388540
895174470
805168249
29129367
974393392
887701861
812465273
254728713
430227189
91975195
340462086
366478931
196731945
735517010
954468688
749694338
983905144
222066370
373160620
616915447
324322646
282187863
240646295
646331469
359733279
50763019
132206724
825882071
468111240
502021204
163365246
163093518
324742536
798193093
248778786
504741896
888733156
940596948
956057661
236844810
550152789
763366070
827942402
230551092
259227479
100412518
942322920
669517658
709954449
39513797
192835614
104352500
391013852
16475868
802218668
567318315
913188925
789993768
378035219
753014708
633507719
811258129
38744312
70804759
850191623
143790027
849081041
555117228
401016699
541250871
396869586
552691403
963402483
847938030
332516381
996607836
856591131
780638616
549321794
853054447
525785306
232179301
448191455
867092689
141271870
681284442
403070541
776319473
963200538
606888880
166502785
86017992
918877962
236030937
942828801
634662245
836250547
354510676
803114507
619423442
579880626
480390625
583891050
63526131
763507884
278003774
619228993
448458211
456942844
913334765
549304601
421508364
837196428
27556705
477500469
612306607
334290160
624752295
436085305
363194182
58516610
838373463
183785875
123723529
597801195
40083776
449523149
818670989
612383037
971670691
266716107
986206841
187459515
559521078
886037921
463466322
884038209
554551364
867788303
241782098
702964466
775473050
753610007
590352316
583785372
512159047
304398999
447403242
596386551
228600497
590600134
130454958
821559642
96168485
758717841
17839520
69476447
224992868
794227
950623225
331794204
769531094
179538166
809982648
533172223
465241771
399226782
859243721
774176870
740414751
986506530
904344700
11477141
501501446
956712085
523525711
320789081
831489960
818045992
143545485
102910400
572293739
928367176
632754959
479629368
908949130
23507109
990907108
187903138
444052867
565188302
889786133
354844386
452833185
57450429
439683758
767246226
918382070
153548520
431446550
235784999
892227798
841883399
441799080
837629680
909580522
83930066
702774007
256864069
376821353
994586479
176875855
196118718
560721234
448385679
312792276
303755750
526333588
530792552
62218048
907796560
88504933
970310088
262001487
521811620
586843782
314388786
533888466
565043530
870999198
868949149
454067683
103863730
837851843
96933427
429391933
683200024
689629227
93852543
36007627
697228688
872199088
259025953
830821858
587069137
915441354
286985923
598854775
241105715
184272224
888485422
838720093
814877927
768392520
357182528
943325511
686733365
827343706
49318011
530690781
264338993
602937532
948230934
579631007
169857150
869133953
200534262
837997527
848939784
739764587
399466055
574372672
832443972
319260078
639642585
153685388
87002678
525119755
